6865651963994032042862475904082058240551686603415690755142072286276483692858859216551996831397949052425596527543497329524931051957985532649672787189939969
82549831077684897288961307200389055502456992418871350733816974485846690043970913774046039588405482805232556238142486405470326629927722552563151231284464238292759393062870078704246195890712141035217019080420473503349524990077319583450223689430048900431983360840093102110557679768858754750860427361373907556419
69971818071136617354552443130131021983413476190994700546813991115041313676023043662041084678480672969171644021728180634720310918469770620098697618562869516904460181547390990819397198235526391104689258337535630750255398423849175686875177800641820185789653961001325966424440984169656107195155047103469385083987
84719128424226394990987115144797631860127802200450926157630900409902600835178087261519354263260710037432904688244975974967440601960727236545542602369273296865651963994032042862475904082058240551686603415690755142072286276483692858859216551996831397949052425596527543497329524931051957985532649672787189939969
88064348560149138093705144335356017441048265766708208406185262438007253842231699345542235343494826578032400250131384470636723521396488244495458485894605617192104839255699951397878226944322063469252422207628590247999422876958653331286049385727926799205976319801074888924586587338856033362397170733474193649073
84251017129014300161228612813728463975493092604552824275612476349198792151865950678005198518937271873255619415831429435817637548990738206944614371244783238979686167830971086648637108464833873008936689453083389543582152365274810237151614683656931331985614227451643659749745761454769504997404690017786849623613
69588113897800724602678555678398324707647097575942408476437554183567421413938802422955409953606559012812969122639822632595408688181990797376695483456363078920086697977557312392118148750363974252391546530947543032585192191107733983930516836940167844922169945726075256678985932436312713655400711112998797768257
70942745882531956674099103477967538891024823245911534828578507570944682886233454882086812831262070274750569597565940564538366701152007555246350197265121737832055125087817583601134517919563962878267622870386569926104502784650838452699840342667246464249794068229246875175986013242793425491002622621355586379451
84096126757142867910287460552417407623916842233995341336821046580300356871344020882577582837183956493316422212641808005986153736205066912038026704948192137192104839255699951397878226944322063469252422207628590247999422876958653331286049385727926799205976319801074888924586587338856033362397170733474193649073
93464427169144405195863483678899765278375251939069353056350600718011087153173603733427768954890502184105721734401486783800692194405206896960964951840304018170077632533164242051757278470228660933363317708216661199216499948328176166196014518550481718292452301659227383257562074798864354332242167430903352110253
82395312294251343300151293476174490951954175534875476303952744770546730773208964077076392335329504510649176782740553116326428724289074981686489552107117417832055125087817583601134517919563962878267622870386569926104502784650838452699840342667246464249794068229246875175986013242793425491002622621355586379451
86822443163954712987092507830410635186799239537406116215255331340565662796609818801438498271821338931962834486993017690860606428119699825249723876584988619740742208887060429357970264520420720326011849874313411047329020507458755529258425161447613295936605056450096818471969906462999959493780132174653785236207
69922950835798143929794116335180444743062624336359379585554440260051385226962415886165189022904366212388469121894649122542488232759203101971684106645690378979686167830971086648637108464833873008936689453083389543582152365274810237151614683656931331985614227451643659749745761454769504997404690017786849623613
76469025135334481978762719911563242638317823448656273466057444782146881666408502414077608283750317370209679138189703954291871832271808388577091674325342677998259933723844822775395145063753407755776825570034420679405538337040610719439293166973068458410289521962878604922217203400614467158600383951781682185789
881338690873052076840393026955031242626226240583176721911512408581290787482451726370276733842067963823803198227800426336161088833261729532801597559973439710366212241980693944475444002224775823092878879086536306065782181414515178012320655157037842611122767286281787765121369429139763180920725577641707478935773
68289547552735423565233997081918039515287191997352226014889382443841643788044339084470887998718549928611459603228198459487271424001253426771615617245620336830529424441551218702211713776433610981244684449877789569598805716195319257045935137226146305132318629768096775642532098900785235478310449878914859810669
103837828057908166543381064215826574442843876177531751945338313542295633978446529992225376751903368447146967750255272355913795217185962889484514252424955138585119706746136987287160855133368090733240151540858010160794999734107438807474370000601126253380485999111660095810903817683313297386446512153000935007307
851260989131500653539929631765361212379316559026339111271403582563918330953152738439917083293492437825609661482138419726532441551996056518757129890515103710878412936062733325379063994894622212135423253810247984937131081209036597166227616467130689517797139360375712888290746743769652939598166688442902930420509
67301456190686914569781249625632788687669567564856380792210938025346753280931560140642153683469324582801392452127902988755099032303192140897198678591933438124105238279017508025866139679814544371081981169074255458637915446083335856057155646279085567819298307360425820920233602708245714978600444247689148985701
91273363829633092514978478725955284868740830590398627789694823589584107080323228123489707732680458314471447877849565538611997231070356773528096612322346339541390363785864465011133775317102966491822799083495089400036775702535163669077015032817726255412892303044530380120516638594939799710909482993641972173459
78239780725061204090069135000216716526666728544343218383096388595061801270717159086723826080257320939258693497668675337893890903304844201465923487956120817500302366163963269127727561815303743973260326290534875024376859300441640347789423879215186519699829890832503300484368845670360615774510035948369554308443
99870445568825088259407136814042639944373700369262957903092009111877085474775552272850832067363342031499937321690331263773389578283436071036145109076695276904460181547390990819397198235526391104689258337535630750255398423849175686875177800641820185789653961001325966424440984169656107195155047103469385083987
109254347258296447722950277935318393334379624370210260559172296672419445067538234836507684436864205976268131984320318135249592007056446911330649144799373696830529424441551218702211713776433610981244684449877789569598805716195319257045935137226146305132318629768096775642532098900785235478310449878914859810669
112869816189168340776904001436465171682841322712495526332092880699056844773668413879773929108269232723138166603951714855648283171467337064782500906610797118124105238279017508025866139679814544371081981169074255458637915446083335856057155646279085567819298307360425820920233602708245714978600444247689148985701
95962678099054183042984932941284999796502567622075181912631947443273373839912030690850967841115804751651380937746155466552252679351992821179800780206698198987600498774990802658369614637216247202083333677737649877412650012345890627708959688203597981676561731260428656231848476063961280146023185524312652825137
88281520662961440795802223195699926965654057845447504843361442011571628432683190429917666195080281167972044908659553162997329516848354628547097335538607999541390363785864465011133775317102966491822799083495089400036775702535163669077015032817726255412892303044530380120516638594939799710909482993641972173459
851766332683561973708016292519096730502003272944042114966219293719216201239633882143486737766601747739580119274164557075402144377293151206334305791982288310644857020310297684739923153496440431599877476491565648482010721951467441735031283031506465195873824909413013422371689130330738168093899340246976101243971
765268053118508024287398755399115261271685516927660756935037303588944656135924738414795929206927167996126607753680345368957405115162773518028119178680193310285795488798685468974391266720876561211265882526355225261639931722004745837007284358281019443012336785684945583825880365166890843080320597203654309758141
79460560771451169156717002081093336145609571934773297297193422134202768977222004815483248023253272142854015284631835778194163338603108765036894332756473498170077632533164242051757278470228660933363317708216661199216499948328176166196014518550481718292452301659227383257562074798864354332242167430903352110253
1027262245499051805382692217112411035507323478461128061935311739037972759395562185409739741387428434274638631470159080704274993620103417753056540300498779311827040277991385331616214850398184003335905953570524664290608443161437143517188162684221440999525724898304500956566481140175254299525100457988564429950231
73579779187084101153165044882073048175588800519118525541004116189246508694748741190281384515672554412511978057558927747395416366270829806100112801529164338377173577603244354314307681697752855494208875220640500336498919265121141436994112085480103775815334466578905725233001374746110644779210850102088167902057
104175893908629886204031429032064158321168336716247301995597834367594508208557266172615657868321051555843038807391494708292562839999753483227251080668567437500302366163963269127727561815303743973260326290534875024376859300441640347789423879215186519699829890832503300484368845670360615774510035948369554308443
1166859330812050593412486960801823098522926079693106445675041725997527329641428415479359425568124359940027574227746197698733916564742413875270429253979017710456950096129414630151963924157763439545263189499230351227430077181768277599060813502454198908237174739519303599211947311776845745898722513380780427192891
83854144119027362328406504246110841840901302398770560116113732064243573679550865168443718493022782821629072243693655014872357433508883093729151784775511037998259933723844822775395145063753407755776825570034420679405538337040610719439293166973068458410289521962878604922217203400614467158600383951781682185789
111522837469911249461046657450510793776341016837223094037482186437141854035083014279179315403296766338855029662953262221323881248901523547536784594987004738929986785055584773537291071724429360405534001940141071448030862429868644644211207124853488615220143974819751980591351639790128593464905445058251907303403
999870552007508527395199847425460566990907676128228938640617639941003854503806380107125300488477633020758355425187427055193162535753980269712599588267819111402438733087308750652704430201496692465252918618922610160903234607234273439996767205990532227297495806424145172778214428018773138216035328655205865492903
785374148271472385055079879927784112430552577683712620003982709428481325148592419668539877861468185613454754732660273838622151473759625433827847077351687712813227961598763262116072317295977026697541378730154529021107625868113636411672629339141579699842190904976720529223305654299799857760870864563042194271983
703111502708252823828557886586135182681712341302683208593622074482438731674106036784679390906328166312227087216549387936870079659614003607106359389329598110769062603504452325608756518542754028975825620526873622598315853396006545325483131370015873807440343897549934209024533314858857338329919274344095899233521
837622152038554157525688288679184712357319550715114475093294065020908364063726771638818521737456090436855705478961828828506656494099616210168226239138095712820645877111184169052100358615742890306918670595675769204889579977875030380884789047695597410839846914639231633635727247987070390040333931063491175591937
70721245533559718082006102852416108204581846342288976583100227601392264347295042441832186714005745377125596051806558058965022261054252798607279371828803839504716917914984634002657251883180622771973390800063936054047156509654830379973910859428130077361799717220790719093549631634065770708897961037097411405507
967797504761193314928136379389090926033154313927770383938965301845072248656366984113891516965700013703181998765777740093666188108294040484394897362045341310690265292193809664411046206567059024992678144527217477915002447691604748559697073709872394116281408395296376177975771832475379108118457524052405951893649
860890739630756481799505742404308084826725532170016774814131642960239199385800924245784367583810955549314569647988892285966607325284787808676817674517841311964933375963736040301581660071069935466977880696810373529592178699116638499066484507706254091783840917662273090417975119481057678703748026213280243373187
791124173675727348229730712221248895773339122989293897287555275528552925735520193152947361828853969613322255304637707154457977997605631284219221571093155911612422840767138636421196642851298057700397719558276424090725831704041227113187700946088368450192321116662886333511408224874009487920018376457703924169277
828577483080931662850761835441740313109118312598331931652991644557405299048080477408170992976542300942130269138992711428756934927633656320944723777073664111676033411666373276296658237316681091556361038540829922718661914917187863512599077244330337857928659466474040569780908460662452675338701982778674812496711
82873649726548504778198902021643879382097458579511341310933084550895743032998358794932134395449042223530605286960650768249450977363847537420739209888141918377173577603244354314307681697752855494208875220640500336498919265121141436994112085480103775815334466578905725233001374746110644779210850102088167902057
1165261432571560393632910862889491869118561338953245082012183534235766823167085374147616984969832166134083643343134863266926648244288706611850510219857602110644857020310297684739923153496440431599877476491565648482010721951467441735031283031506465195873824909413013422371689130330738168093899340246976101243971
93931030480429074666908298219848967508481964275527747888601281332890675004765516113531184158602305835955851539400727271780326271955013851964364922862936719504716917914984634002657251883180622771973390800063936054047156509654830379973910859428130077361799717220790719093549631634065770708897961037097411405507
105364424966308155323283599341950566567301607982467573171279680416205391265331406417352443693319534164363899801168665393571647255166080113406124867801345838585119706746136987287160855133368090733240151540858010160794999734107438807474370000601126253380485999111660095810903817683313297386446512153000935007307
116771864360571610225167333552185750238243365606809646822439440756613463973210484429039682243289062791637674472867697799254506289664870674498946320733114018929986785055584773537291071724429360405534001940141071448030862429868644644211207124853488615220143974819751980591351639790128593464905445058251907303403
116521015421893688461165612876314464074849084918693356577088537195471089303808629921385560301180316675295322198277967922790198325729729515427724489219557078292759393062870078704246195890712141035217019080420473503349524990077319583450223689430048900431983360840093102110557679768858754750860427361373907556419
1256807795516557482756812981154941937700138221624886079856876384914215381709183889914773018785752437038140665565360239638955312899181753092588842769562825111676033411666373276296658237316681091556361038540829922718661914917187863512599077244330337857928659466474040569780908460662452675338701982778674812496711
89312442350445118033689584421402258541765280010747350665790036863469583307203777569500879476874617354732502516370865577776536800837838462074605175197058278987600498774990802658369614637216247202083333677737649877412650012345890627708959688203597981676561731260428656231848476063961280146023185524312652825137
1171476411022140401391485493152213206734071298310025357231379419766786737766854915569976492326099943111751932623166614391807353010263114015899355046465500710366212241980693944475444002224775823092878879086536306065782181414515178012320655157037842611122767286281787765121369429139763180920725577641707478935773
1027259729536390334031329871901960724945400503521386007878019345773474744860949587889281344491503194966217544562844260674293127126583171046458434980108065310778998638482825914559402688643915820520520022052339701353357151299989172615225749655262561724461979371522918438012307895563985714033876603043954469225449
1007239432566279448204422894224468887808923005048706740670110747150871646673871413152133091937229022918410207464329942070322843800902252236792927764538767311727127420119148614598601654300292150955886617028446148617956295859532785453664511890601700404287118403067898018227427557843892171083830016791100805738621
938086249986239241811390074146724131956235431419510038846286005547828479012655672353368507692354700353887764034195952265504974747653247552392664721460197310778998638482825914559402688643915820520520022052339701353357151299989172615225749655262561724461979371522918438012307895563985714033876603043954469225449
1036197162524341963033120727297719017732580523803916008857771086158639973962975913517534181607004478721488527436170792762723928204111990106122884076975203711964933375963736040301581660071069935466977880696810373529592178699116638499066484507706254091783840917662273090417975119481057678703748026213280243373187
942633738322768114028695636258433875579415958235340768851085504464379750290474249320340645133762849382702874765406981937453049489945337078996912420386966112192991947284273690681262041613406449194699830450117298382986951303687076322362100728827368679033268315028860122492498610290458441423772383668468495976777
926615661004245545006931890989324660251107153024115669681837243371365189221354646108779893032224800733369124455650278781556460496089082417441708797110045113196152104019226546141055503721130814317148922778801865392530729517685977479395314051779165229081425522784195774461437876651671597204480096189851913114631
864208640622916707515130891170733206523139431513401962171638198196196977367226551324204188948438427422482860071249451119962742570339285976929291437708947911789359801802597716037806714959774005702669333495424908099001456739453108012639553583587982008863662894522027078544779834243209593718104420170372545855299
96788774695731007445533868450816295281799521571437272844114648278949642334980658022400509688699095631616847522053987134034495314551872377211420366342266598920086697977557312392118148750363974252391546530947543032585192191107733983930516836940167844922169945726075256678985932436312713655400711112998797768257
1284295157478482707005524371991238918186595297008433576247133208960094979516867673488336599513024562753730022817732436907662392420115079631668073180434209112879933915139258975613773919067957933802164983321677866595678187870145327853187970276892100076392686486475586908553952195227241938744116695538515579218371
889978233738200143543820594919201068554634893418169983475799021619852454134333557201445524991689226367018110056609154424445061988777472954209828785011415310690265292193809664411046206567059024992678144527217477915002447691604748559697073709872394116281408395296376177975771832475379108118457524052405951893649
1072612613675442449673304773634663640611790576600357790943698291095689490900183881044856800508287781898524051127107459060910001773069349548284496775551079711727127420119148614598601654300292150955886617028446148617956295859532785453664511890601700404287118403067898018227427557843892171083830016791100805738621
981941260367123005946729743422935131851810900072662118073963922968126712058968127042093645478398589759549624928325281079176831708846433853503375248618037111005472725925336801348938182850609522377058583186359594274541792547022445017831863159219701392394848162614320492999624049468905529279598935052718336709291
1050299050733625947681357479925939545081044023378918744280171157937093394665657590256536386116563141225806380125404513366122714355171164289342507130617229911827040277991385331616214850398184003335905953570524664290608443161437143517188162684221440999525724898304500956566481140175254299525100457988564429950231
982583729943187009262644647073464528277043108135929693986770517680807106061850864258531930132948452686548713268211087387253591873734648979037948151821606912820645877111184169052100358615742890306918670595675769204889579977875030380884789047695597410839846914639231633635727247987070390040333931063491175591937
910645270973471715152063451346769017823687397679378818496992807339759967245917293446296696137017315918629609445446300854228633124210565722878142910190295312274602792288300911320314410270820827382909695570587163865600172025600917408316639566359832798661564299793374769152981488686121200069488719974802520798501
959873106321815166368928267291258632692945302391734431451696679992001226067695444708337771961408585816428307599980364842846703639938781322148224663145962110878412936062733325379063994894622212135423253810247984937131081209036597166227616467130689517797139360375712888290746743769652939598166688442902930420509
108381887070129155573179513823039843524086503269277316449962229213476632309672194357818662060470546714807176664904035878823279462334366807882759896282436199740742208887060429357970264520420720326011849874313411047329020507458755529258425161447613295936605056450096818471969906462999959493780132174653785236207
122226127632510304788319422247443601382544041972900649044247400916332009541237316045902284022642269392773248452297143230223614120668160184111908480908518039769724843736615862980999828217407558308968961826145184630962057035675312687899734337543500348207443870867113539835375770185145186918407038075569954390127
1230597785838894007534785287562137802633581754746452004810748873532576476747576770232704499210288398247471809876572209186281116223950490497851831997137073312330361035215344467093023142548962553865888260211091057086855724885352772489141179395874074007115340410040442321271471361445961877530368358309458237010217
988586050975118638022015277584595415152689702201526851943877802411577155126822006358104981945808161312201852761113352167852560520965818170583798620121863111612422840767138636421196642851298057700397719558276424090725831704041227113187700946088368450192321116662886333511408224874009487920018376457703924169277
1055095799486982234976834470872816031834159091379174044047917956463118906886098518552891636029827441891222210300386276724268964485139034169675644565892195311611453302446862268976747491732502779836477367379757260742093009118445266552760527560507915132693746859946965464348794375436943781555115181825592555066133
1078597041181647009575490698747139423280677480771639181489262999771236640422380916449859490146372103304698515938833836641628298029349043066644739424366288712274602792288300911320314410270820827382909695570587163865600172025600917408316639566359832798661564299793374769152981488686121200069488719974802520798501
1031480404996377078420121431749725984345854786712175625312347694140948334420012053436692621611060782228913225303561912887428332150297234233866863360159298911082228152833050915266562522215721660632274786372814214216212662064635280347360580534477999109581265967896104694876747754303388310198148582248686346175097
1146702295910819917599591535190631701421479763988531046048902027331185408909868702188788061482596052442516401559114812706502951459849430912739092094173058312990009625384910867551698157168926343993705601612261419226330422728864291749974271231134493989633733707479138075412029224852953845610319226568861031819881
983246077821064675864157553658658787192313378987934536327250740927803689242113988682431256902729564201777291987277371008735945120859610837197083946185937710285795488798685468974391266720876561211265882526355225261639931722004745837007284358281019443012336785684945583825880365166890843080320597203654309758141
125077542505734539923353141977262810161430855793763481752154982388537751629305933378224713506643474202329582132657907033061902335399138724301382861855396519769724843736615862980999828217407558308968961826145184630962057035675312687899734337543500348207443870867113539835375770185145186918407038075569954390127
1332720519866308543683916698950875971721281109665643525309178349535542767539512953214417225848762268574670548480675789869967337444364403304096405182387630313254481637622064850951110028577759279585434482727168114614295031436921284369946451630190145178058147207592713077405936633319828976315023397970268121489811
984015855749482927014655146938620049245087451409598529348784192994432637413495141378138214229338488797380687106372846772593709696216955404721296576253515111789359801802597716037806714959774005702669333495424908099001456739453108012639553583587982008863662894522027078544779834243209593718104420170372545855299
1107850495259799833549614384643236012673108691761170893753294477744650112931757526021805376731516093936023967483828457015365893153334400202689896926074971912192991947284273690681262041613406449194699830450117298382986951303687076322362100728827368679033268315028860122492498610290458441423772383668468495976777
1082921707985756467898482946144697668958966894910468702731783520174975172027400116107777047037615592378116259526965850667052845937956275818300580783672061712230365584986922841439678329306681586722245143249676500430312230805967025003568323171873953116448018697665056449638799110382733737076283465451430278605601
1082108671885115038666775845642467863159602779714187858877944420552526867641401800379540486461395194901578922108231102114680433798366531458613171035241227713196152104019226546141055503721130814317148922778801865392530729517685977479395314051779165229081425522784195774461437876651671597204480096189851913114631
1010296222291775908708124525061463549535194338960699637326800244047908382789280863932802569921245741391620024224789724635566570407698286746551788967322388112879933915139258975613773919067957933802164983321677866595678187870145327853187970276892100076392686486475586908553952195227241938744116695538515579218371
1041212665341295030488937540917829566197915587245996140727814473184357063146779196002477955574771463537511339221183205209967898134299969789659918777092913112653570402978662509279528323489422878992962248579121802398443435482613867399746958280714095233794056103856742646194092648706794360360802666971384082169499
1061432299091665701308137868216652719538423848289562329474127109686620841710344402161281662537649422551700291423493584019419510203566577275672358144123560112990009625384910867551698157168926343993705601612261419226330422728864291749974271231134493989633733707479138075412029224852953845610319226568861031819881
1038185814455535265554709306814407530512200914109043530948713913712653427038525362413658541382868711234992785968531635584312204806432889172162886960829257710456950096129414630151963924157763439545263189499230351227430077181768277599060813502454198908237174739519303599211947311776845745898722513380780427192891
1304424712123545016395570492251960571359764687962189115291340570794898067409853390501931341970436193511736355892480900687955591586063640721010490728463007710769062603504452325608756518542754028975825620526873622598315853396006545325483131370015873807440343897549934209024533314858857338329919274344095899233521
1296984819898630079763878340467273754359803319854409826907936891289581163912660685374347996755149740589945823506061677100987169226892240807130970937688454911402438733087308750652704430201496692465252918618922610160903234607234273439996767205990532227297495806424145172778214428018773138216035328655205865492903
1230604713080564419198372988970577785860127875815392345365534595372917544650635475279044879799867156210166041678578262703144383921730891765235538194405804711082228152833050915266562522215721660632274786372814214216212662064635280347360580534477999109581265967896104694876747754303388310198148582248686346175097
1279904080961906371844429878785474003089485981989471574199348051806024385082795314539173896207020366351129710665525415835442476966805632675348898730273476913201528932565963608803073934755479926575372931475607045433101611375727158250360806981430681113254956220411119837131060480083743672908042818605718301892787
1076204596444119164709565460494692829768161222617668324266005484185238232918992014217319825790063354399930812178896256177341250269996155118960652907465888111005472725925336801348938182850609522377058583186359594274541792547022445017831863159219701392394848162614320492999624049468905529279598935052718336709291
1297228305884663950601574508986318513272568777943115889915000409938277991642363003207879150674666566182481552303137383797180987658597689977001488363637033712330361035215344467093023142548962553865888260211091057086855724885352772489141179395874074007115340410040442321271471361445961877530368358309458237010217
1161695300649258793032960319116740982294007644626447340075239925904109005235685302678781554830132671244644521406568838022661426790191295634189500315424694711611453302446862268976747491732502779836477367379757260742093009118445266552760527560507915132693746859946965464348794375436943781555115181825592555066133
1251086517310468718424568785292115571518626256364901806087018026069590307510006468773372751622381411930689036331455840920361464643924687580412904741591497713254481637622064850951110028577759279585434482727168114614295031436921284369946451630190145178058147207592713077405936633319828976315023397970268121489811
1138304837741943806949660051991536274645579189773934204977061989869926411920159700092846501514193533198887028985869965221806421829539618838842425007645257112230365584986922841439678329306681586722245143249676500430312230805967025003568323171873953116448018697665056449638799110382733737076283465451430278605601
1239411751132166140728177831599245320653012442834481357831811108819256664342402289932583875720105650860969051797686467386769068137551456462775762345681905312653570402978662509279528323489422878992962248579121802398443435482613867399746958280714095233794056103856742646194092648706794360360802666971384082169499
1210805269624010032846105538689593365454448475889712146194793367971125176370014790604971249445185198121559546365852965102684442905781941250523214700030929912813227961598763262116072317295977026697541378730154529021107625868113636411672629339141579699842190904976720529223305654299799857760870864563042194271983
1262860614608307017717296011244059945457564615454599564434750278279353905270205838869355505872850513842942735823511166736872935062699982239110455979974681713201528932565963608803073934755479926575372931475607045433101611375727158250360806981430681113254956220411119837131060480083743672908042818605718301892787
13115139236967884950711199837643813671603626566397585970829927427513061134903097070632328214663834842241680141550203309539228945209405542904216037795241499